KA01MX123 RahulKumar 15102024 0900 15102024 1400 2 5. 1 250 18750.
MH02AB456 PriyaSingh 15102024 1000 15102024 1800 2 8. 0 220 16500.
DL03CD789 AmitPatel 15102024 0800 15102024 1600 2 8. 3 235 17625.
TN04EF101 DeepaShetty 14102024 0930 14102024 1730 2 8. 4 245 18375.
KL05GH202 SureshMenon 14102024 1100 14102024 1500 2 4. 0 215 16125.
UP06IJ303 MeeraReddy 14102024 0700 14102024 1900 2 12. 6 225 16875.
GJ07KL404 RajeshShah 14102024 0830 14102024 1630 2 8. 7 240 18000.
WB08MN505 AnitaDas 14102024 1200 14102024 1500 2 3. 0 230 17250.
HR09PQ606 VikramSingh 13102024 0600 13102024 1800 2 12. 9 210 15750.
MP10RS707 NehaGupta 13102024 1030 13102024 1430 2 4. 10 205 15375.
TS11UV808 ArunKumar 13102024 0930 13102024 1530 1 6. 0 150 11250.
RJ12WX909 KavitaJain 13102024 1130 13102024 1730 1 6. 12 160 12000.            
AP13YZ010 SanjayRao 13102024 0800 13102024 2000 1 12. 13 145 10875.
BR14AB111 PoojaVerma 13102024 1000 13102024 1400 1 4. 0 155 11625.
KA15CD212 MohammedAli 12102024 0700 12102024 1900 1 12. 15 140 10500.
MH16EF313 LakshmiIyer 12102024 0800 12102024 1600 1 8. 16 165 12375.
DL17GH414 RaviSharma 12102024 0900 12102024 1500 1 6. 17 170 12750.
TN18IJ515 GaneshKumar 12102024 1000 12102024 1800 1 8. 0 175 13125.
KL19KL616 FathimaBegum 12102024 1100 12102024 1700 1 6. 19 180 13500.
UP20MN717 HarshVerma 12102024 1200 12102024 2000 1 8. 20 185 13875.
GJ21PQ818 DivyaPatel 11102024 0700 11102024 1500 0 8. 0 95 4750.
WB22RS919 ArjunDas 11102024 0800 11102024 1600 0 8. 22 90 4500.
HR23TU020 SnehaReddy 11102024 0900 11102024 1700 0 8. 23 85 4250.
MP24VW121 RohanShah 11102024 1000 11102024 1800 0 8. 24 80 4000.
TS25XY222 AnjaliKumar 11102024 1100 11102024 1900 0 8. 0 75 3750.
RJ26ZA323 KiranJoshi 11102024 1200 11102024 2000 0 8. 26 70 3500.
AP27BC424 VijayReddy 10102024 0700 10102024 1500 0 8. 27 65 3250.
BR28DE525 NinaSingh 10102024 0800 10102024 1600 0 8. 0 60 3000.
KA29FG626 OmPrakash 10102024 0900 10102024 1700 0 8. 29 55 2750.
MH30HI727 SumanMehta 10102024 1000 10102024 1800 0 8. 30 50 2500.
DL31JK828 AishaKhan 10102024 1100 10102024 1900 0 8. 0 45 2250.
TN32LM929 BharatKumar 10102024 1200 10102024 2000 0 8. 32 40 2000.
KL33NO030 ChandraMohan 09102024 0700 09102024 1500 0 8. 33 35 1750.
UP34PQ131 DiyaSharma 09102024 0800 09102024 1600 0 8. 34 30 1500.
GJ35RS232 EshaPatel 09102024 0900 09102024 1700 0 8. 0 25 1250.
WB36TU333 FaridAhmed 09102024 1000 09102024 1800 0 8. 36 20 1000.
HR37VW434 GeetaVerma 09102024 1100 09102024 1900 0 8. 37 15 750.
MP38XY535 HariPrasad 09102024 1200 09102024 2000 0 8. 0 10 500.
TS39ZA636 IndiraNair 08102024 0700 08102024 1500 0 8. 39 9 450.
RJ40BC737 JaySingh 08102024 0800 08102024 1600 0 8. 40 8 400.
AP41DE838 KaranReddy 08102024 0900 08102024 1700 0 8. 41 7 350.
BR42FG939 LeelaKumari 08102024 1000 08102024 1800 0 8. 0 6 300.
KA43HI040 MohanRaj 08102024 1100 08102024 1900 0 8. 43 5 250.
MH44JK141 NandiniShah 08102024 1200 08102024 2000 0 8. 44 4 200.
DL45LM242 OscarKumar 07102024 0700 07102024 1500 0 8. 0 3 150.
TN46NO343 PrishaIyer 07102024 0800 07102024 1600 0 8. 46 2 100.
KL47PQ444 QadirAhmed 07102024 0900 07102024 1700 0 8. 47 1 100.
UP48RS545 RadhaGupta 07102024 1000 07102024 1800 0 8. 0 1 100.
GJ49TU646 SaiPatel 07102024 1100 07102024 1900 0 8. 49 2 100.
WB50VW747 TanviDas 07102024 1200 07102024 2000 0 8. 50 3 150.
HR51XY848 UmaKapoor 06102024 0700 06102024 1500 0 8. 0 4 200.
MP52ZA949 VarunMalhotra 06102024 0800 06102024 1600 0 8. 0 5 250.
TS53BC050 WahidaBegum 06102024 0900 06102024 1700 0 8. 0 6 300.
RJ54DE151 XavierSingh 06102024 1000 06102024 1800 0 8. 0 7 350.
AP55FG252 YogeshReddy 06102024 1100 06102024 1900 0 8. 0 8 400.
BR56HI353 ZaraKumari 06102024 1200 06102024 2000 0 8. 0 9 450.
KA57JK454 AbhinavRao 05102024 0700 05102024 1500 0 8. 0 10 500.
MH58LM555 BinduMehta 05102024 0800 05102024 1600 0 8. 0 11 550.
DL59NO656 ChiragSuri 05102024 0900 05102024 1700 0 8. 0 12 600.
TN60PQ757 DhruvKumar 05102024 1000 05102024 1800 0 8. 0 13 650.
KL61RS858 ElenaThomas 05102024 1100 05102024 1900 0 8. 0 14 700.
UP62TU959 FarhanKhan 05102024 1200 05102024 2000 0 8. 0 15 750.
GJ63VW060 GitikaShah 04102024 0700 04102024 1500 0 8. 0 16 800.
WB64XY161 HemantDas 04102024 0800 04102024 1600 0 8. 0 17 850.
HR65ZA262 IshikaVerma 04102024 0900 04102024 1700 0 8. 0 18 900.
MP66BC363 JatinKhanna 04102024 1000 04102024 1800 0 8. 0 19 950.
TS67DE464 KavyaReddy 04102024 1100 04102024 1900 0 8. 0 20 1000.
RJ68FG565 LokeshJain 04102024 1200 04102024 2000 0 8. 0 21 1050.
AP69HI666 MadhavRao 03102024 0700 03102024 1500 0 8. 0 22 1100.
BR70JK767 NeetiSingh 03102024 0800 03102024 1600 0 8. 0 23 1150.
KA71LM868 OjasKumar 03102024 0900 03102024 1700 0 8. 0 24 1200.
MH72NO969 PallaviShah 03102024 1000 03102024 1800 0 8. 0 25 1250.
DL73PQ070 QureshiKhan 03102024 1100 03102024 1900 0 8. 0 26 1300.
TN74RS171 RishabhIyer 03102024 1200 03102024 2000 0 8. 0 27 1350.
KL75TU272 SarikaMenon 02102024 0700 02102024 1500 0 8. 0 28 1400.
UP76VW373 TarunSharma 02102024 0800 02102024 1600 0 8. 0 29 1450.
GJ77XY474 UjjwalPatel 02102024 0900 02102024 1700 0 8. 0 30 1500.
WB78ZA575 VidyaDas 02102024 1000 02102024 1800 0 8. 0 31 1550.
HR79BC676 WasimAhmed 02102024 1100 02102024 1900 0 8. 0 32 1600.
MP80DE777 XenaGupta 02102024 1200 02102024 2000 0 8. 0 33 1650.
TS81FG878 YuvrajReddy 01102024 0700 01102024 1500 0 8. 0 34 1700.
RJ82HI979 ZareenJain 01102024 0800 01102024 1600 0 8. 0 35 1750.
AP83JK080 AdityaRao 01102024 0900 01102024 1700 0 8. 0 36 1800.
BR84LM181 BhavanaKumar 01102024 1000 01102024 1800 0 8. 0 37 1850.
KA85NO282 ChetanShetty 01102024 1100 01102024 1900 0 8. 0 38 1900.