1 1 4.5 157.50
2 0 0.0 0.00
3 1 8.0 315.00
4 1 2.5 90.00
5 0 0.0 0.00
6 1 6.5 247.50
7 1 12.0 495.00
8 0 0.0 0.00
9 1 3.0 90.00
10 1 5.5 202.50
11 0 0.0 0.00
12 1 7.0 270.00
13 1 4.5 157.50
14 0 0.0 0.00
15 1 9.0 360.00
16 1 2.0 90.00
17 1 5.5 202.50
18 0 0.0 0.00
19 1 3.5 112.50
20 1 10.5 427.50
21 0 0.0 0.00
22 1 6.0 250.00
23 1 2.5 100.00
24 1 11.0 500.00
25 0 0.0 0.00
26 1 4.0 150.00
27 1 7.5 325.00
28 0 0.0 0.00
29 1 5.0 200.00
30 1 8.5 375.00
31 0 0.0 0.00
32 1 3.5 125.00
33 1 6.5 275.00
34 1 4.0 150.00
35 0 0.0 0.00
36 1 9.5 425.00
37 1 3.0 100.00
38 0 0.0 0.00
39 1 7.0 300.00
40 1 5.5 225.00
41 1 4.5 175.00
42 0 0.0 0.00
43 1 8.5 375.00
44 1 2.5 100.00
45 0 0.0 0.00
46 1 6.0 250.00
47 1 13.0 600.00
48 0 0.0 0.00
49 1 3.0 100.00
50 1 5.0 200.00